[[ 178   10    0    1    0    4   52    3    0    2    0    0    0    0    8    1    0    0   10    1]
 [   0  683    0    5    3    3   56   29    4    8    2    1   39    0    29    1    2    0    2    3]
 [   0   10   94    4    0    2    9    1   21    0    7    8    3    1    4    3    1    0    0    1]
 [   2    9    1  545    0    0   14   14    1    1    2    0    0    1    4    3    1    0    6    0]
 [   0   11    1    5   57    0    6    4    1    2    1    0    2    1    1    1    0    0    0    1]
 [   3    7    1    3    0   87   47   25    0    1    1    0    0    2    22    1    3    0    2    0]
 [  11   37    0    2    0    8 1396   18    1    5    0    1    6    1    65    0    1    0    2    0]
 [   2   34    3    5    1    7   30 1161    3    1    1    0    3    2    12    1    0    0    0    0]
 [   0    8    7    8    0    0   13    3  464    0    9    8    1    0     0   11    0   13    0    0]
 [   0   35    0    1    0    0   11    0    0   50    0    0    2    0    23    1    9    0    0    2]
 [   1    2    2   15    0    1    3    9   28    0  215   17    0    0     1    2    0    2    0    0]
 [   0    0    4    3    0    0    6    3   14    1   38   71    0    1     0    0    0    5    0    0]
 [   0   56    0    1    0    0   19    8    1    2    0    0  239    0    11    0    1    0    0    0]
 [   0    5    1    0    0    4    7   27    1    1    3    0    2   53     1    0    0    0    0    0]
 [   3   36    0    2    3    5  116    7    2   10    1    0    6    0   335    0    6    0    1    5]
 [   0    8    1   20    0    0    9    3   27    0    2    1    0    0     4  188    1    8    0    0]
 [   1   23    0    4    0    2   12    2    0    9    0    0    1    0    23    0   63    0    1    1]
 [   0    2    2    0    0    0    1    1   16    0    0    4    0    0     1    3    0  117    0    0]
 [   3    5    0   11    1    1   13    4    2    0    0    0    0    0     6    1    1    0  124    0]
 [   1   14    4    2    0    0   14    3    0    2    0    0    2    0    14    0    1    0    1   28]]